0 0
1 0
2 0
3 0
4 0
5 0
6 0
7 0
8 0
9 0
7 28787989
0 124860658
5 235543106
3 349021732
4 311346104
2 753484620
6 665655446
1 388437511
8 706718118
9 409836312
7 28787989
0 124860658
5 235543106
3 349021732
4 311346104
2 753484620
6 665655446
1 388437511
8 706718118
9 409836312
7 802620653
0 712747658
5 767256998
3 1083803080
9 714000168
2 901768032
6 861290165
5 1028461528
8 1403972912
4 914433879
7 1356793560
0 910492153
5 1044503889
5 1208019341
5 1235328052
8 1614079843
6 920966933
6 1318053524
9 1487073360
4 1816431759
7 1577264415
2 1365186740
1 1357071258
3 1725112135
4 1865264291
8 2119181764
0 1557596501
6 1444094534
0 2002624814
5 2071666921
8 2181920642
9 2191758784
1 1764249342
0 2373050273
4 2108014245
7 2521560158
2 2205447823
6 2178822050
3 2448485365
5 2678804248
8 2723709920
9 2472761164
1 2312944880
1 2344766759
1 2390838553
9 2771371288
3 2894979005
4 2746444703
8 3016907692
5 2880348391
9 2955198670
2 2854200900
6 2596134272
6 2724766281
0 3024228318
9 2991565047
2 3258332114
1 2900529336
6 3260482477
0 3494939869
9 3011398750
9 3186532248
0 3553359547
8 3393412263
3 3762710985
4 3270961066
2 3775179992
1 3322873753
8 3581754274
5 3629166512
